Hour                Distance Traveled   
-------------------------------------

1                        50.00

2                       100.00

3                       150.00

4                       200.00

5                       250.00

6                       300.00

7                       350.00

8                       400.00

9                       450.00

10                      500.00

11                      550.00

12                      600.00

13                      650.00

14                      700.00

15                      750.00

16                      800.00

17                      850.00

18                      900.00

19                      950.00

20                     1000.00
